- in: 2 3 1 2
  exp: 3.000000 0
- in: 2 2 1 1
  exp: 2.000000 1
